110.91796865201025 92.52887428792476 84.52768017534501 99.7981458814368 0.0 
110.323612624098 75.28617700985933 86.47175425829066 62.945091156030244 0.0 
87.64305123936367 63.490361856523165 63.672753553188585 59.91378146197641 0.0 
52.92378718615038 38.441428438144555 42.877816940634354 42.07377474927297 0.0 
11.204616710492774 103.68170075037176 26.886420220381954 43.43795227087686 0.0 
40.90942658884052 104.2789441999686 57.76517641547382 53.010819251436345 0.0 
36.60168844568963 63.430889084493295 25.92802288363956 37.900311976645725 0.0 
14.46868280089705 30.421992417967886 11.595131556618743 24.021814203623993 0.0 
22.14329916980235 33.56062346975121 120.34146363346574 67.56519797618651 0.0 
0.0 16.226871790217675 87.6834323944808 57.78989335439356 0.0 
0.0 47.153897615931314 74.18247089562125 37.20667750054848 0.0 
14.498442731680537 15.644423288423464 48.409084220820375 34.308305008635855 0.0 
62.406261584356535 94.66100681648075 117.56895398533817 125.10036795489225 0.0 
61.76596463612442 90.9540778097005 99.70541190331949 120.91321932707396 0.0 
49.74059196652986 56.31466461166342 62.509037742259785 92.44890055407576 0.0 
29.710235765752497 44.46632968082622 47.807385165156035 63.75713668330779 0.0 
